// Experience Tables [Pre-Renewal]
// Only official levels included, check db/import-tmpl/job_exp.txt for an expanded list
//
// Structure of Database:
// Max Level,Class list,Type,Exp for Lv 1,2,3,4,5,6,7,8,9,10,11,12,13,14,15,16,17,18,19,20,21,22,23,24,25,26,27,28,29,30,31,32,33,34,35,36,37,38,39,40,41,42,43,44,45,46,47,48,49,50,51,52,53,54,55,56,57,58,59,60,61,62,63,64,65,66,67,68,69,70,71,72,73,74,75,76,77,78,79,80,81,82,83,84,85,86,87,88,89,90,91,92,93,94,95,96,97,98,99
//
// Type:
//	0 = Base Exp, 1 = Job Exp

//Base - Normal and Baby Jobs
//255,0:1:2:3:4:5:6:7:8:9:10:11:12:13:14:15:16:17:18:19:20:21:23:24:25:4023:4024:4025:4026:4027:4028:4029:4030:4031:4032:4033:4034:4035:4036:4037:4038:4039:4040:4041:4042:4043:4044:4045:4046:4047:4048:4049:4050:4051:4052,0,9,16,25,36,77,112,153,200,253,320,385,490,585,700,830,970,1120,1260,1420,1620,1860,1990,2240,2504,2950,3426,3934,4474,6889,7995,9174,10425,11748,13967,15775,17678,19677,21773,30543,34212,38065,42102,46323,53026,58419,64041,69892,75973,102468,115254,128692,142784,157528,178184,196300,215198,234879,255341,330188,365914,403224,442116,482590,536948,585191,635278,687211,740988,925400,1473746,1594058,1718928,1848355,1982340,2230113,2386162,2547417,2713878,3206160,3681024,4022472,4377024,4744680,5125440,5767272,6204000,6655464,7121664,7602600,9738720,11649960,13643520,18339300,23836800,35658000,48687000,58135000,99999998,103999998,108118810,112358763,116722210,121211526,125829108,130577376,135458773,140475765,145630839,150926506,156365299,161949774,167682509,173566106,179603188,185796401,192148415,198661920,205339632,212184286,219198643,226385484,233747613,241287859,249009070,256914120,265005904,273287338,281761364,290430945,299299065,308368734,317642981,327124861,336817450,346723845,356847169,367190566,377757200,388550263,399572966,410828542,422320250,434051368,446025199,458245067,470714321,483436329,496414486,509652206,523152926,536920108,550957235,565267813,579855369,594723456,609875646,625315536,641046744,657072913,673397706,690024809,706957934,724200810,741757193,759630861,777825612,796345269,815193678,834374706,853892243,873750202,893952518,914503151,935406080,956665309,978284864,1000268794,1022621169,1045346084,1068447655,1091930021,1115797344,1140053808,1164703620,1189751010,1215200229,1241055553,1267321279,1294001727,1321101240,1348624182,1376574942,1404957931,1433777581,1463038348,1492744710,1522901169,1553512248,1584582493,1616116473,1648118779,1680594026,1713546850,1746981910,1780903889,1815317491,1850227443,1885638494,1921555418,1957983009,1994926084,2032389485,2070378074,2108896735,2147950379,2187543934,2227682355,2268370617,2309613719,2351416682,2393784550,2436722390,2480235290,2524328362,2569006740,2614275581,2660140065,2706605393,2753676792,2801359507,2849658808,2898579990,2948128366,2998309274,3049128075,3100590152,3152700911,3205465780,3258890210,3312979674,3367739668,3423175712,3479293347,3536098136,3593595667,3651791548,3710691412,3770300912,3830625727,3891671555,3953444120,4015949165,4079192459,4143179792,4207916976,4273409847,4339664263,4406686105,4474481276,4543055702,4612415331,4682566134,4753514106,4825265262,4897825642,4971201307,5045398342,5120422853,5196280969,5272978843,5350522649,5428918586,5508172872,5588291750,5669281485,5751148366,5833898702,5917538827,6002075096,6087513887,6173861602,6261124663,6349309518,6438422634,6528470503,6619459639,6711396578,6804287880,6898140127,6992959923,7088753894,7185528691,7283290986,7382047474,7481804873,7582569921,7684349383,7787150044,7890978711,7995842216,8101747411,8208701172,8316710398,8425782010,8535922951,8647140188,8759440710,8872831528,8987319677,9102912213,9219616216,9337438787,9456387052,9576468158,9697689273,9820057592,9943580329,10068264722,10194118031,10321147539,10449360552,10578764398,10709366428,10841174015,10974194555,11108435467,11243904192,11380608194,11518554960,11657751999,11798206842,11939927045,12082920183,12227193857,12372755688,12519613323,12667774427
255,0:1:2:3:4:5:6:7:8:9:10:11:12:13:14:15:16:17:18:19:20:21:23:24:25:4023:4024:4025:4026:4027:4028:4029:4030:4031:4032:4033:4034:4035:4036:4037:4038:4039:4040:4041:4042:4043:4044:4045:4046:4047:4048:4049:4050:4051:4052,0,9,16,25,36,77,112,153,200,253,320,385,490,585,700,830,970,1120,1260,1420,1620,1860,1990,2240,2504,2950,3426,3934,4474,6889,7995,9174,10425,11748,13967,15775,17678,19677,21773,30543,34212,38065,42102,46323,53026,58419,64041,69892,75973,102468,115254,128692,142784,157528,178184,196300,215198,234879,255341,330188,365914,403224,442116,482590,536948,585191,635278,687211,740988,925400,1473746,1594058,1718928,1848355,1982340,2230113,2386162,2547417,2713878,3206160,3681024,4022472,4377024,4744680,5125440,5767272,6204000,6655464,7121664,7602600,9738720,11649960,13643520,18339300,23836800,35658000,48687000,58135000,99999998,103999998,108118810,109437104,110784764,112162478,113570951,115010912,116483105,117988301,119527288,121100879,122709911,124355241,126037756,127758364,129518002,131317631,133158243,135040857,136966521,138936316,140951351,143012771,145121751,147279504,149487276,151746350,154058048,156423732,158844801,161322700,163858913,166454971,169112450,171832973,174618213,177469894,180389789,183379727,186441594,189577331,192788940,196078482,199448085,202899939,206436304,210059509,213771955,217576118,221474552,225469889,229564845,233762222,238064908,242475883,246998224,251635102,256389791,261265669,266266221,271395046,276655858,282052489,287588897,293269167,299097517,305078303,311216024,317515323,323980999,330618007,337431467,344426666,351609069,358984321,366558256,374336903,382326492,390533464,398964475,407626408,416526379,425671742,435070105,444729336,454657568,464863217,475354987,486141883,497233218,508638631,520368096,532431933,544840821,557605817,570738362,584250302,598153901,612461854,627187310,642343883,657945673,674007283,690543841,707571016,725105044,743162743,761761545,780919509,800655355,820988483,841939003,863527764,885776378,908707255,932343631,956709604,981830166,1007731238,1034439709,1061983471,1090391466,1119693721,1149921393,1181106818,1213283557,1246486443,1280751635,1316116673,1352620531,1390303678,1429208137,1469377552,1510857253,1553694324,1597937675,1643638124,1690848466,1739623565,1790020432,1842098321,1895918819,1951545945,2009046253,2068488938,2129945947,2193492097,2253655017,2315722783,2379761698,2445840556,2514030739,2779489457,3113170795,3532868477,4062391084,4794492636

//Base - Trans Jobs
255,4001:4002:4003:4004:4005:4006:4007:4008:4009:4010:4011:4012:4013:4014:4015:4016:4017:4018:4019:4020:4021:4022,0,9,16,25,36,77,112,153,200,253,320,385,490,585,700,830,970,1120,1260,1420,1620,1860,1990,2240,2504,2950,3426,3934,4474,6889,7995,9174,10425,11748,13967,15775,17678,19677,21773,30543,34212,38065,42102,46323,53026,58419,64041,69892,75973,102468,115254,128692,142784,157528,178184,196300,215198,234879,255341,330188,365914,403224,442116,482590,536948,585191,635278,687211,740988,925400,1473746,1594058,1718928,1848355,1982340,2230113,2386162,2547417,2713878,3206160,3681024,4022472,4377024,4744680,5125440,5767272,6204000,6655464,7121664,7602600,9738720,11649960,13643520,18339300,23836800,35658000,48687000,58135000,99999998,103999998,108118810,109437104,110784764,112162478,113570951,115010912,116483105,117988301,119527288,121100879,122709911,124355241,126037756,127758364,129518002,131317631,133158243,135040857,136966521,138936316,140951351,143012771,145121751,147279504,149487276,151746350,154058048,156423732,158844801,161322700,163858913,166454971,169112450,171832973,174618213,177469894,180389789,183379727,186441594,189577331,192788940,196078482,199448085,202899939,206436304,210059509,213771955,217576118,221474552,225469889,229564845,233762222,238064908,242475883,246998224,251635102,256389791,261265669,266266221,271395046,276655858,282052489,287588897,293269167,299097517,305078303,311216024,317515323,323980999,330618007,337431467,344426666,351609069,358984321,366558256,374336903,382326492,390533464,398964475,407626408,416526379,425671742,435070105,444729336,454657568,464863217,475354987,486141883,497233218,508638631,520368096,532431933,544840821,557605817,570738362,584250302,598153901,612461854,627187310,642343883,657945673,674007283,690543841,707571016,725105044,743162743,761761545,780919509,800655355,820988483,841939003,863527764,885776378,908707255,932343631,956709604,981830166,1007731238,1034439709,1061983471,1090391466,1119693721,1149921393,1181106818,1213283557,1246486443,1280751635,1316116673,1352620531,1390303678,1429208137,1469377552,1510857253,1553694324,1597937675,1643638124,1690848466,1739623565,1790020432,1842098321,1895918819,1951545945,2009046253,2068488938,2129945947,2193492097,2253655017,2315722783,2379761698,2445840556,2514030739,2779489457,3113170795,3532868477,4062391084,4794492636

//Job - Novice & Baby Novice
10,0:4023,1,10,18,28,40,91,151,205,268,340,999999999

//Job - 1st Classes & Baby 1st Classes
50,1:2:3:4:5:6:4024:4025:4026:4027:4028:4029,1,30,43,58,76,116,180,220,272,336,520,604,699,802,948,1125,1668,1937,2226,3040,3988,5564,6272,7021,9114,11473,15290,16891,18570,23229,28359,36478,39716,43088,52417,62495,78160,84175,90404,107611,125915,153941,191781,204351,248352,286212,386371,409795,482092,509596,999999999

//Job - 2nd Classes & Baby 2nd Classes
70,7:8:9:10:11:12:13:14:15:16:17:18:19:20:21:4030:4031:4032:4033:4034:4035:4036:4037:4038:4039:4040:4041:4042:4043:4044,1,288,368,568,696,1206,1774,2192,3196,5080,7352,8580,9892,13358,18984,31925,35860,40013,51605,68585,87770,96443,105515,131770,167428,206720,223860,241673,294553,362303,479053,513362,548856,656197,787507,927154,985696,1046034,1231134,1449220,1678177,1773024,2182221,2534978,3043585,3782865,4461912,4672971,5971896,6250158,6875174,7562691,8318960,9150856,10065942,11877812,14015818,16538665,19515624,23028437,28094693,34275525,41816141,51015692,62239144,79666104,101972614,130524946,167071930,213852071,218852071,223852071,228852071,233852071,238852071,243852071,248852071,253852071,258852071,263852071,268852071,273852071,278852071,283852071,288852071,293852071,298852071,303852071,308852071,313852071,318852071,323852071,328852071,333852071,338852071,343852071,348852071,353852071,358852071,363852071,368852071,373852071,378852071,383852071,388852071,393852071,398852071,403852071,408852071,413852071,418852071,423852071,428852071,433852071,438852071,443852071,448852071,453852071,458852071,463852071,468852071,473852071,478852071,483852071,488852071,493852071,498852071,503852071,508852071,513852071,518852071,523852071,528852071,533852071,538852071,543852071,548852071,553852071,558852071,563852071,568852071,573852071,578852071,583852071,588852071,593852071,598852071,603852071,608852071,613852071,618852071,623852071,628852071,633852071,638852071,643852071,648852071,653852071,658852071,663852071,668852071,673852071,678852071,683852071,688852071,693852071,698852071,703852071,708852071,713852071,718852071,723852071,728852071,733852071,738852071,743852071,748852071,753852071,758852071,763852071,768852071,773852071,778852071,783852071,788852071,793852071,798852071,803852071,808852071,813852071,818852071,823852071,828852071,833852071,838852071,843852071,848852071,853852071,858852071,863852071,868852071,873852071,878852071,883852071,888852071,893852071,898852071,903852071,908852071,913852071,918852071,923852071,928852071,933852071,938852071,943852071,948852071,953852071,958852071,963852071,968852071,973852071,978852071,983852071,988852071,993852071,998852071,1003852071,1008852071,1013852071,1018852071,1023852071,1028852071,1033852071,1038852071,1043852071,1048852071,1053852071,1058852071,1063852071,1068852071,1073852071,1078852071,1083852071,1088852071,1093852071,1098852071,1103852071,1108852071,1113852071,1118852071,1123852071,1128852071,1133852071,1138852071,1143852071

//Job - Novice High
10,4001,1,11,20,31,44,100,166,226,295,374,999999999

//Job - Adv First Classes
50,4002:4003:4004:4005:4006:4007,1,60,86,116,152,232,360,440,544,672,1040,1208,1398,1604,1896,2250,3336,3874,4452,6080,7976,11128,12544,14042,18228,28683,38225,42228,46425,58073,70898,91195,99290,107720,131043,156238,195400,210438,226010,269028,314788,384853,479453,510878,620880,715530,965928,1024488,1205230,1273990,999999999

//Job - Adv Second Classes
99,4008:4009:4010:4011:4012:4013:4014:4015:4016:4017:4018:4019:4020:4021:4022,1,288,368,568,696,1206,1774,2192,3196,5080,7352,8580,9892,13358,18984,31925,35860,40013,51605,68585,87770,96443,105515,131770,167428,206720,223860,241673,294553,362303,479053,513362,548856,656197,787507,927154,985696,1046034,1231134,1449220,1678177,1773024,2182221,2534978,3043585,3782865,4461912,4672971,5971896,6250158,6875174,7562691,8318960,9150856,10065942,11877812,14015818,16538665,19515624,23028437,28094693,34275525,41816141,51015692,62239144,79666104,101972614,130524946,167071930,213852071,218852071,223852071,228852071,233852071,238852071,243852071,248852071,253852071,258852071,263852071,268852071,273852071,278852071,283852071,288852071,293852071,298852071,303852071,308852071,313852071,318852071,323852071,328852071,333852071,338852071,343852071,348852071,353852071,358852071,363852071,368852071,373852071,378852071,383852071,388852071,393852071,398852071,403852071,408852071,413852071,418852071,423852071,428852071,433852071,438852071,443852071,448852071,453852071,458852071,463852071,468852071,473852071,478852071,483852071,488852071,493852071,498852071,503852071,508852071,513852071,518852071,523852071,528852071,533852071,538852071,543852071,548852071,553852071,558852071,563852071,568852071,573852071,578852071,583852071,588852071,593852071,598852071,603852071,608852071,613852071,618852071,623852071,628852071,633852071,638852071,643852071,648852071,653852071,658852071,663852071,668852071,673852071,678852071,683852071,688852071,693852071,698852071,703852071,708852071,713852071,718852071,723852071,728852071,733852071,738852071,743852071,748852071,753852071,758852071,763852071,768852071,773852071,778852071,783852071,788852071,793852071,798852071,803852071,808852071,813852071,818852071,823852071,828852071,833852071,838852071,843852071,848852071,853852071,858852071,863852071,868852071,873852071,878852071,883852071,888852071,893852071,898852071,903852071,908852071,913852071,918852071,923852071,928852071,933852071,938852071,943852071,948852071,953852071,958852071,963852071,968852071,973852071,978852071,983852071,988852071,993852071,998852071,1003852071,1008852071,1013852071,1018852071,1023852071,1028852071,1033852071,1038852071,1043852071,1048852071,1053852071,1058852071,1063852071,1068852071,1073852071,1078852071,1083852071,1088852071,1093852071,1098852071,1103852071,1108852071,1113852071,1118852071,1123852071,1128852071,1133852071,1138852071,1143852071

//Job - Ninja/Gunslinger
99,24:25,1,288,368,568,696,1206,1774,2192,3196,5080,7352,8580,9892,13358,18984,31925,35860,40013,51605,68585,87770,96443,105515,131770,167428,206720,223860,241673,294553,362303,479053,513362,548856,656197,787507,927154,985696,1046034,1231134,1449220,1678177,1773024,2182221,2534978,3043585,3782865,4461912,4672971,5971896,6250158,6875174,7562691,8318960,9150856,10065942,11877812,14015818,16538665,19515624,23028437,28094693,34275525,41816141,51015692,62239144,79666104,101972614,130524946,167071930,213852071,218852071,223852071,228852071,233852071,238852071,243852071,248852071,253852071,258852071,263852071,268852071,273852071,278852071,283852071,288852071,293852071,298852071,303852071,308852071,313852071,318852071,323852071,328852071,333852071,338852071,343852071,348852071,353852071,358852071,363852071,368852071,373852071,378852071,383852071,388852071,393852071,398852071,403852071,408852071,413852071,418852071,423852071,428852071,433852071,438852071,443852071,448852071,453852071,458852071,463852071,468852071,473852071,478852071,483852071,488852071,493852071,498852071,503852071,508852071,513852071,518852071,523852071,528852071,533852071,538852071,543852071,548852071,553852071,558852071,563852071,568852071,573852071,578852071,583852071,588852071,593852071,598852071,603852071,608852071,613852071,618852071,623852071,628852071,633852071,638852071,643852071,648852071,653852071,658852071,663852071,668852071,673852071,678852071,683852071,688852071,693852071,698852071,703852071,708852071,713852071,718852071,723852071,728852071,733852071,738852071,743852071,748852071,753852071,758852071,763852071,768852071,773852071,778852071,783852071,788852071,793852071,798852071,803852071,808852071,813852071,818852071,823852071,828852071,833852071,838852071,843852071,848852071,853852071,858852071,863852071,868852071,873852071,878852071,883852071,888852071,893852071,898852071,903852071,908852071,913852071,918852071,923852071,928852071,933852071,938852071,943852071,948852071,953852071,958852071,963852071,968852071,973852071,978852071,983852071,988852071,993852071,998852071,1003852071,1008852071,1013852071,1018852071,1023852071,1028852071,1033852071,1038852071,1043852071,1048852071,1053852071,1058852071,1063852071,1068852071,1073852071,1078852071,1083852071,1088852071,1093852071,1098852071,1103852071,1108852071,1113852071,1118852071,1123852071,1128852071,1133852071,1138852071,1143852071

//Job - Star Gladiator
99,4047:4048,1,288,368,568,696,1206,1774,2192,3196,5080,7352,8580,9892,13358,18984,31925,35860,40013,51605,68585,87770,96443,105515,131770,167428,206720,223860,241673,294553,362303,479053,513362,548856,656197,787507,927154,985696,1046034,1231134,1449220,1678177,1773024,2182221,2534978,3043585,3782865,4461912,4672971,5971896,6250158,6875174,7562691,8318960,9150856,10065942,11877812,14015818,16538665,19515624,23028437,28094693,34275525,41816141,51015692,62239144,79666104,101972614,130524946,167071930,213852071,218852071,223852071,228852071,233852071,238852071,243852071,248852071,253852071,258852071,263852071,268852071,273852071,278852071,283852071,288852071,293852071,298852071,303852071,308852071,313852071,318852071,323852071,328852071,333852071,338852071,343852071,348852071,353852071,358852071,363852071,368852071,373852071,378852071,383852071,388852071,393852071,398852071,403852071,408852071,413852071,418852071,423852071,428852071,433852071,438852071,443852071,448852071,453852071,458852071,463852071,468852071,473852071,478852071,483852071,488852071,493852071,498852071,503852071,508852071,513852071,518852071,523852071,528852071,533852071,538852071,543852071,548852071,553852071,558852071,563852071,568852071,573852071,578852071,583852071,588852071,593852071,598852071,603852071,608852071,613852071,618852071,623852071,628852071,633852071,638852071,643852071,648852071,653852071,658852071,663852071,668852071,673852071,678852071,683852071,688852071,693852071,698852071,703852071,708852071,713852071,718852071,723852071,728852071,733852071,738852071,743852071,748852071,753852071,758852071,763852071,768852071,773852071,778852071,783852071,788852071,793852071,798852071,803852071,808852071,813852071,818852071,823852071,828852071,833852071,838852071,843852071,848852071,853852071,858852071,863852071,868852071,873852071,878852071,883852071,888852071,893852071,898852071,903852071,908852071,913852071,918852071,923852071,928852071,933852071,938852071,943852071,948852071,953852071,958852071,963852071,968852071,973852071,978852071,983852071,988852071,993852071,998852071,1003852071,1008852071,1013852071,1018852071,1023852071,1028852071,1033852071,1038852071,1043852071,1048852071,1053852071,1058852071,1063852071,1068852071,1073852071,1078852071,1083852071,1088852071,1093852071,1098852071,1103852071,1108852071,1113852071,1118852071,1123852071,1128852071,1133852071,1138852071,1143852071

//Job - Taekwon/Gangsi(?)
99,4046:4050,1,288,368,568,696,1206,1774,2192,3196,5080,7352,8580,9892,13358,18984,31925,35860,40013,51605,68585,87770,96443,105515,131770,167428,206720,223860,241673,294553,362303,479053,513362,548856,656197,787507,927154,985696,1046034,1231134,1449220,1678177,1773024,2182221,2534978,3043585,3782865,4461912,4672971,5971896,6250158,6875174,7562691,8318960,9150856,10065942,11877812,14015818,16538665,19515624,23028437,28094693,34275525,41816141,51015692,62239144,79666104,101972614,130524946,167071930,213852071,218852071,223852071,228852071,233852071,238852071,243852071,248852071,253852071,258852071,263852071,268852071,273852071,278852071,283852071,288852071,293852071,298852071,303852071,308852071,313852071,318852071,323852071,328852071,333852071,338852071,343852071,348852071,353852071,358852071,363852071,368852071,373852071,378852071,383852071,388852071,393852071,398852071,403852071,408852071,413852071,418852071,423852071,428852071,433852071,438852071,443852071,448852071,453852071,458852071,463852071,468852071,473852071,478852071,483852071,488852071,493852071,498852071,503852071,508852071,513852071,518852071,523852071,528852071,533852071,538852071,543852071,548852071,553852071,558852071,563852071,568852071,573852071,578852071,583852071,588852071,593852071,598852071,603852071,608852071,613852071,618852071,623852071,628852071,633852071,638852071,643852071,648852071,653852071,658852071,663852071,668852071,673852071,678852071,683852071,688852071,693852071,698852071,703852071,708852071,713852071,718852071,723852071,728852071,733852071,738852071,743852071,748852071,753852071,758852071,763852071,768852071,773852071,778852071,783852071,788852071,793852071,798852071,803852071,808852071,813852071,818852071,823852071,828852071,833852071,838852071,843852071,848852071,853852071,858852071,863852071,868852071,873852071,878852071,883852071,888852071,893852071,898852071,903852071,908852071,913852071,918852071,923852071,928852071,933852071,938852071,943852071,948852071,953852071,958852071,963852071,968852071,973852071,978852071,983852071,988852071,993852071,998852071,1003852071,1008852071,1013852071,1018852071,1023852071,1028852071,1033852071,1038852071,1043852071,1048852071,1053852071,1058852071,1063852071,1068852071,1073852071,1078852071,1083852071,1088852071,1093852071,1098852071,1103852071,1108852071,1113852071,1118852071,1123852071,1128852071,1133852071,1138852071,1143852071

//Job - Soul Linker/Death Knight/Dark Collector
99,4049:4051:4052,1,288,368,568,696,1206,1774,2192,3196,5080,7352,8580,9892,13358,18984,31925,35860,40013,51605,68585,87770,96443,105515,131770,167428,206720,223860,241673,294553,362303,479053,513362,548856,656197,787507,927154,985696,1046034,1231134,1449220,1678177,1773024,2182221,2534978,3043585,3782865,4461912,4672971,5971896,6250158,6875174,7562691,8318960,9150856,10065942,11877812,14015818,16538665,19515624,23028437,28094693,34275525,41816141,51015692,62239144,79666104,101972614,130524946,167071930,213852071,218852071,223852071,228852071,233852071,238852071,243852071,248852071,253852071,258852071,263852071,268852071,273852071,278852071,283852071,288852071,293852071,298852071,303852071,308852071,313852071,318852071,323852071,328852071,333852071,338852071,343852071,348852071,353852071,358852071,363852071,368852071,373852071,378852071,383852071,388852071,393852071,398852071,403852071,408852071,413852071,418852071,423852071,428852071,433852071,438852071,443852071,448852071,453852071,458852071,463852071,468852071,473852071,478852071,483852071,488852071,493852071,498852071,503852071,508852071,513852071,518852071,523852071,528852071,533852071,538852071,543852071,548852071,553852071,558852071,563852071,568852071,573852071,578852071,583852071,588852071,593852071,598852071,603852071,608852071,613852071,618852071,623852071,628852071,633852071,638852071,643852071,648852071,653852071,658852071,663852071,668852071,673852071,678852071,683852071,688852071,693852071,698852071,703852071,708852071,713852071,718852071,723852071,728852071,733852071,738852071,743852071,748852071,753852071,758852071,763852071,768852071,773852071,778852071,783852071,788852071,793852071,798852071,803852071,808852071,813852071,818852071,823852071,828852071,833852071,838852071,843852071,848852071,853852071,858852071,863852071,868852071,873852071,878852071,883852071,888852071,893852071,898852071,903852071,908852071,913852071,918852071,923852071,928852071,933852071,938852071,943852071,948852071,953852071,958852071,963852071,968852071,973852071,978852071,983852071,988852071,993852071,998852071,1003852071,1008852071,1013852071,1018852071,1023852071,1028852071,1033852071,1038852071,1043852071,1048852071,1053852071,1058852071,1063852071,1068852071,1073852071,1078852071,1083852071,1088852071,1093852071,1098852071,1103852071,1108852071,1113852071,1118852071,1123852071,1128852071,1133852071,1138852071,1143852071

//Job - Super Novice & Baby Super Novice
99,23:4045,1,30,43,58,76,116,180,220,272,336,520,604,699,802,948,1125,1668,1937,2226,3040,3988,5564,6272,7021,9114,11473,15290,16891,18570,23229,28359,36478,39716,43088,52417,62495,78160,84175,90404,107611,125915,153941,191781,204351,248352,286212,386371,409795,482092,509596,982092,992092,1002092,1012092,1022092,1032092,1042092,1052092,1062092,1072092,1082092,1092092,1102092,1112092,1122092,1132092,1142092,1152092,1162092,1172092,1182092,1192092,1202092,1212092,1222092,1232092,1242092,1252092,1262092,1272092,1282092,1292092,1302092,1312092,1322092,1332092,1342092,1352092,1362092,1372092,1382092,1392092,1402092,1412092,1422092,1432092,1442092,1452092,1462092,999999999



//================================
// Renewal content (required for some core features)
//================================

//Base - 3rd Jobs, Baby 3rds, Expanded Super Novice, Kagerou/Oboro, Rebellion and Summoner
99,4054:4055:4056:4057:4058:4059:4060:4061:4062:4063:4064:4065:4066:4067:4068:4069:4070:4071:4072:4073:4074:4075:4076:4077:4078:4079:4080:4081:4082:4083:4084:4085:4086:4087:4096:4097:4098:4099:4100:4101:4102:4103:4104:4105:4106:4107:4108:4109:4110:4111:4112:4190:4191:4211:4212:4215:4218:4220:4222:4223:4224:4225:4226:4227:4228:4229:4238,0,10,18,28,40,85,123,168,220,278,400,481,613,731,875,1038,1213,1400,1575,1775,2268,2604,2786,3136,3506,4130,4796,5508,6264,9645,12392,14220,16159,18209,21649,24451,27401,30499,33748,47342,58160,64711,71573,78749,90144,99312,108870,118816,129154,174196,213220,238080,264150,291427,329640,363155,398116,434526,472381,610848,731828,806448,884232,965180,1073896,1170382,1270556,1374422,1481976,1850800,3389616,3666333,3953534,4251217,4559382,5129260,5488173,5859059,6241919,7374168,9570662,10458427,11380262,12336168,13326144,14994907,16130400,17304206,18516326,19766760,29216160,34949880,40930560,55017900,71510400,106974000,146061000,174405000,343210000,99999999

//Job - 3rd Jobs, Baby 3rds, Expanded Super Novice, Kagerou/Oboro, Rebellion and Summoner
50,4054:4055:4056:4057:4058:4059:4060:4061:4062:4063:4064:4065:4066:4067:4068:4069:4070:4071:4072:4073:4074:4075:4076:4077:4078:4079:4080:4081:4082:4083:4084:4085:4086:4087:4096:4097:4098:4099:4100:4101:4102:4103:4104:4105:4106:4107:4108:4109:4110:4111:4112:4190:4191:4211:4212:4215:4218:4220:4222:4223:4224:4225:4226:4227:4228:4229:4238,1,288,368,568,696,1206,1774,2192,3196,5080,7352,8580,9892,13358,18984,31925,35860,40013,51605,68585,87770,96443,105515,131770,167428,206720,223860,241673,294553,362303,479053,513362,548856,656197,787507,927154,985696,1046034,1231134,1449220,1678177,1773024,2182221,2534978,3043585,3782865,4461912,4672971,5971896,6250158,6875174,7562691,8318960,9150856,10065942,11877812,14015818,16538665,19515624,23028437,28094693,34275525,41816141,51015692,62239144,79666104,101972614,130524946,167071930,213852071,999999999
